6304044364351545
3662313245216
6314625661013
62432346410424453
463016632642
352504605012166026
554322256304146
54140624601525
4044256
6140416
36223
132541644065604632
562043
31140361531220122
330164456
365262604265
14346642425
115530310416133
3126346624154
216364
434516164522236166
10530145406662414
25655242344514
6226520164
1043630344404202
532331425051004
1165525001
4553222445405620
440325563660426021
45310441564
133235505565
464342012
666566116
425334
6340001335242335
202354053003
22451452013125
35023
24166
40464524532
305631563300556
24005140556
236150465113
211655
641344243645450
625610
616124341344
211213604012015
32406541
32562512
52642
532543
36564
5304624
63044614212526
554053
3000
533304330
55031511155266
266323534262004
241550535455551515
6320646460025
50322213
6346232
442426105562500253
2235300614641502
161316
5426000
5043006354246
4215
20300435005
22233002
203013042260
303066221003
53602
320220141
35140356042145
104325610265201403
52030532450
3550050563
165553022161
132100
50541244
321650
6155662406544245
44151105
242545311305442
1644143003152
442315450
201506
3553524146046613
4065434143432563
21504234112065124
515056564251
3563300505
60354534603663
255646531150130
651324143
5106032
53420341034144344
3334621542533
554506514462161
1223
210311
1451004466230
251022124202142
44601232
2054
515001262213
11653153041515225
5151035
2511413550635
126632065366622
60621036640355
404623422254662
650460045136425
12033503331
3603364210
1332444521
505220135566636
416500423216225000
652424434124324003
5324026465015606
562225460633342
55310326136231545
163216652
1143
311403352
2540414152512354
16130614446563
3322620163400655
2106533300
16442135240246534
20406663612411201
6102421104335
262505
66212525566
4044063
15633016
555226115050065
412236212341
641131531
523230441463124440
52004366022631240
4406423661513653
531413656401
63031200415
10461656
4461
4052
5326516040646
340341
445161
36013010112454
310114
5020162423164440
56243315310
424422414044256405
410550
2123233
264002512604612432
53603531126524
500214215564265252
44462066224606054
6452333365350
30443103040232
564345210305
4142151046525142
135134526534162560
2141
2144146326441526
52242441434
32546233424042
20316563004
6620144362354
35132426453
65356231310441
2262314
3032630042
5465226545
6046
3101
14621261654025
534523606234
20102353
262303461350031232
22655564
341363
4165
61044
111100163365112212
5245
26201022524343434
35361206520020516
62234510261
4341326220645362
4334401515
26110411560401435
20631346
4311520360256
343000104405
663534051544630245
46565514635166322
34614
361306150001241
262505325
201603
23242356541
6406330560504
335454526651015304
5620414
2442512
1330163354
561630443
13352
325262151111464
60564402346100622
666551504
545113414
204642301226304
12205331200340413
35612604030450
23103345050343160
62601313110010
12660
160303021355654
5050
2550606003
4200652222
123250
651030555163014521
253305664
454601
5666336
530352033
21545
2255602104
236001663401105205
4424
25302351530410015
53321061621354540
323306124000520642
3534025450203451
242042346506031
10305545
3105525
4326244216034
11161
23524
3642061254343440
25603146146043
1505612122
345166602032
1266301350001142
413546015546153
3141633061
6320321
22565111625
2560520603
65213203653
136203060
65424
34356324264
5313043412
6536542501334031
56446321
6430020026
5540534
300133021533060
3101202500225123
1265640253
143103631410
206230435644006
405406621116346
601223313655
1010344050623604
32045435412443211
21054
3011606560365
33624313665051
1114
5366240
32440536500
6104316230243
133313526
2554225
651404
362254401052655045
323435123
42552331404401
145336016013051124
60431413251541154
611443133
21314004554665250
2522136
165526403
40263
50260453254255551
5122640531
4350
146423142242061603
12115022652030
64616
1521566524600
306046645523
6253
26202524616064360
6331504665046
2102503052450014
503231126003
325145511511554663
345256212063
33162663
643203
1001012333033122
310205303051101520
13521406
20464
4360
604302513216346
1252245162403135
54520422426216
54132122205346
5622352555662
45306
1220636020622333
241042250144
224640260555
45130543
2566625354
632242215516462131
6511420
12606004433450
6601140454
21325230122065000
415144433453540
6111
51442
64455556
442612544
511125662360
511161015214
13344160362554
31623510
54020064
53000561464
152001134446
560251514362
342431441554
55006442315
64632023450106205
65322310356
233054345
522043250363
162345445065642
111412550161030
13424
44661103043032503
3303
466111635612210446
22526
51023356
3024366636521132
3306200461252
262515164401624066
25313236404621
432416306
3115
635332543
410535414445042036
33146
660362212634356545
32455450523143
211422254
43215634566065
603613503352621235
4445535342265143
434356443061
562034254264452
304636
60353245315
26333113
6261
3241610304056
1420460321
346156105
2210
15252236
50350401165601
6526
433616140
4663005
30215204054455402
1560044
10434021531252320
545303451160
4425521
602343161520054551
12121212133
5244061551
4422266515430
4511465536364
10555
140030
3040041412335005
332440
46324401655025013
30512506502622
423411242514315520
45322144131014304
144665423451311
53031543140213
2612666530530126
3510224
466423104
55302133
33061
4515
621503506463500201
132221442155602
56620
3224541560555326
3212040301341
52016151662
11035016015206
5244
21343
2213104356531
6242202010
50636253365424235
54032
2462202
6651314366503
26245144
440203145644505
213412
645601661504532
30345635160502135
30442334413655250
52631443165452
34004445053521
15163544051553
3316
112462344511404
26102354
64036
30523546
2365310603615123
64153
533520103440252235
416510554255604
21346155643
234420422241
502551541161025624
32636423065
5132625122006
110141110444
1232565451064233
234364123421333535
25305056324252
211036325252
50425
433144214100
64133635132266201
33142110550054411
13221051554
1334316026364206
4111454460
1456430443354612
543104
2652
35640
302445454202152232
65326
54550452535
520640
221363262
42230103324250
60541
31145354212034
4614203345
40261461142265
1143345236
136004440140215
6440014162240154
626454500436342
355522316146134242
22612353656230
1003525246103356
50334150106531326
30116053
121023433212243326
333363116
1022413654311126
220351353525212
652644
3330
642345116553445
505010050
23030104024
22416206
313154131301
222366
4065013424
2264405251200
1004
3533550210642
40150560366213
43046
152614634320141553
1206434
1503
5621064220
55106101546
642455352615136533
441605612242
104545650451
5613525003534
436521514624331
34054
40562466044542221
421063421463646154
6452
2016120002023013
632140034
2661662524621
1101012612
432311162
432411220301306
21113
5546206450421364
102152
425451006352005
2146632
214112240
252140062322332
44455
405151
3156304502640
1304265450101631
655226031350021655
546125
412113303
56051620405156361
304431114412
35412065
4150
60061310100654412
42055
433044
5116264532420
5564
216645
2364303453200
2554600
363425302001022
21336152
2136
6462
2360531020350
126110201
4012
322061002414604
5040415
632062505
320145365
6034
431143263
42241566665643
530655442
1301
364331351214024665
2261334
365042663244343150
3602551253651
310313641321646
45431534443
5605
1405265150141065
16342030524025
44633402600465165
535452
206641130661051
5030443
46444256022265
462641344115055
534246030235
66430
12631225664
6511052406446115
12066200
260265
5600361656130
402631130666243514
6001002635023
616251625005020206
506035422
631303026404362
231456
52043341222
40132
340141162303551
410164124
3521336551251
661464133
11455405552
5041020
4113540060152
604632
13063425542044066
56612034005
6041215613
66352314362216151
1003
6426156134
4103226560052
2026042
656221314336445
4154243054
2244666
1202112241
16331435
3603336611660
50652160166
135335342
650200306621531431
11332
153524323536062
514600254
1241052135150
15640464
23623455461
333630612
56543616534464136
62530
5233
125253216133
550444026234306
210555356612666506
110540
4513403502
60253566663642122
5564666052530214
601331306
455312231345
55406413
33310151204634
562463666136
156046231613
162640016
221064565122610142
605224212605
225112
440345
11135
521340442510645
1464662140343310
32601342605
303255552606440
23124120
2640
4404425156
632642033450141
5360154442142
2344251565100423
3054540151056
4663333006500354
1104
5144
4224616511461400
2342623212202242
314443555361613
6352210644145
562232020666540
20316
2611166536455431
63404422101
36513025531346
260563250336551053
305062266552606
1362334163
104053236153564211
42455106420664363
5200540621631
522311526452226
150152613211526414
4462563015444
54305
65114
2555
11411412443061614
5213066005
62353553410362036
3125410
65432210164654
66103603405606016
30423412503110
340450611002162122
603550
105156442154
30222124622
31444
4402323
5152305310652
3344506546320
11631634531
2036603
40003020
62511463
324301514022546365
24316166456505
5063333543
14524554016254613
565455326144463
3630644040302422
3331605
5413236602613
41610400
14162563521
3204662145402
16566156353
6503420420
3406405104
5400
1112306423
215444144163432512
55604051156130260
4246160315113064
542254556016323106
6256610601103040
511332
3151560401321
436255
4142633230424466
22100360224104
1626130650
4643546455
514552062503
1415
20616461243121624
3211143654620
3650111232641
36214641606
32341523
261520154625341
24234362633
450146412602401
252052222410
41510344105615
632132222036240
2523112
243224521
4214554426
66403
5665645
11211
453253220122046
4154445
52511113234410
302113
2321332301003020
153536450004520444
53336436
5353131215245
541304
52201415
5165
61252311561153
30313133063155124
5653120465
465612
34345640420235616
42105042025
3150155655543
24401143203014
5264534442063
501040504
26624344252
23041652352122
65632664
53333401516516534
63360016600
5100050415
513065402
1041423102
66442
3304066566
62665553201463401
111232014
5514461452325
45641
1055603
6335
36330513
55123364114133
256511334333
4452510166203
346465110660464563
5134100131
45235
211215102456066
3242436640526
4346066444414
5423223031220246
201444512610
2410245
13630241645
224440123625042
62400
332363
6203545
641014456300053304
516145234464
3551
5046635055351422
3542
262164216451510005
221011
5360
15422266
12416414313345214
5050400210335
316556513
54106232114632
64613162045310345
6534150205251304
1352106
515431011
66643553
215033650420232
1623416124
115516
645444302110115
6226
501012
1045644
436102
4114511
5403055023
566650641231
453501
54330630233
63336200621
22341433336
43223
4654134234541366
101155665543
26310050255
51523
1420265155152161
311616
5602066366165
125614522016045
636635222325104521
144321
33526131450221
662302535345
441164256200550355
2012012651523
43310030630231456
126211
314163025002442245
6125
366225
10633316015241
53260101343533034
306505
21060
565146642545
122554
11631141630356620
43015060646
52115231461
241155440656514
364464050422135565
5225220625
611635032
11522645152450103
530166210654562226
1023441406656165
354244
1501
6604
514212
213264221622404604
253232631603
4561432
50255645464
5632
441343000456051
441105341122
203241602202466246
254102416531
5333444
21015
326556536451130
6562
1205110044
616343060652532
36303452334406
644236241
530523
11106426253152643
602543552056
3045361205
6321
4131645536242
51313023042023
14243050203404
16256
4145
366365410114
52256
65431465503406
33623014141111633
505322435
545515460036614265
2521
6031503562626
45040230550320
154335
3550012302
44635350560516106
41033253350413163
215125013600562106
4450530
54110466423
16556541344606514
32334443
23100
46131454013411064
3015
344521411
53404200241232
5165426412
5021535
335512131553460250
540113255413564214
543265011022142126
523513014
5332114200
516401
112145140460622
4442660412
462430
4165012150553
323616361314
26365525
541061
3400165
212036043242
360421321304364042
12215
4640
262456314312021
530311261625133146
3406546
4535331
6042126303616
6360
31363626265255
534133006
65613361141
543440601004
6640155
546042644430441
6326101543
335443410
605623314
20344265303
1463511154232232
22534403014
4211354065260
34031446111455
64306321
626511242332551440
5301553
2032522031
5232530340400042
163215005152644004
4422534
65326000323
4620512433204
54354242214040
4233336010612
1220315
403252552605366605
530252550133556
3646123
245531560
60350441
65113324420513524
51051563043
22005343001
1012535
53153104456
403143263
1533305
641456155233
321043400065264436
330260254165
461362064643633
1162146553043
2352500533
2513032534
6055436410011331
355450554616
351141
231032332510
202012
2413110160215
364122146554522
52526214640
5362522302642
212322450102455334
34654023
440524501222616266
220640155
5415
12344423431521
651035105
566315500640463121
21530
5423514133416
